-3.132808123356237928e+00
-3.062826366690052371e+00
-2.924426130160222126e+00
-2.720699046351326089e+00
-2.456196041666779184e+00
-2.136825676153174758e+00
-1.769722156032451865e+00
-1.363085967323792946e+00
-9.260006905368758368e-01
-4.682300884934437191e-01
-5.295007820730070284e-16
4.682300884934438856e-01
9.260006905368760588e-01
1.363085967323792058e+00
1.769722156032450755e+00
2.136825676153178311e+00
2.456196041666780960e+00
2.720699046351330086e+00
2.924426130160225235e+00
3.062826366690055480e+00
3.132808123356245922e+00
